12, 142.400085,-4.916867,0.027449, 142.276627,-4.916363,0.028676, 142.433411,-4.905568,0.031299, 142.278931,-4.904741,0.026523, 142.399811,-4.914164,0.021277, 142.318695,-4.917952,0.024127, 142.405685,-4.919663,0.019979, 142.431259,-4.917493,0.029339, 142.207779,-4.911093,0.035879, 142.432709,-4.928824,0.021311
14, 162.120148,-0.639222,0.027720, 162.178223,-0.662332,0.019082, 162.117889,-0.661071,0.015171, 162.071655,-0.649286,0.018037, 162.208633,-0.643835,0.021347, 162.075439,-0.647914,0.025891, 162.264893,-0.651274,0.021010, 162.119034,-0.650364,0.015896, 162.167526,-0.663467,0.015826, 162.295334,-0.662022,0.015319
16, 183.394638,0.572036,0.021098, 183.392914,0.557722,0.017383, 183.375580,0.558870,0.021683, 183.352524,0.538475,0.014344, 183.429123,0.537511,0.014506, 183.354950,0.524863,0.017122, 183.400940,0.539737,0.014830, 183.392487,0.545403,0.018879, 183.345367,0.525434,0.010525
18, 204.259628,-4.408393,0.052174, 204.280212,-4.466245,0.038661, 204.196869,-4.445304,0.043846, 204.339432,-4.457674,0.036944, 204.098450,-4.398182,0.054318, 204.382339,-4.457342,0.042083, 204.111450,-4.426932,0.060334, 204.353226,-4.494183,0.034648, 204.254730,-4.464015,0.047582
20, 203.410080,17.829922,-0.002620, 203.525223,17.823204,-0.007804, 203.641098,17.862846,0.006763, 203.608307,17.836895,-0.003247, 203.644989,17.853230,0.008048, 203.433212,17.789398,-0.013420, 203.676407,17.869898,0.009313, 203.474167,17.818161,-0.005681, 203.627716,17.866501,0.004750, 203.599670,17.857807,0.004388
25, 251.896393,35.867085,-0.039837, 252.482285,36.051067,-0.022777, 252.286011,36.039310,-0.026237, 252.199982,36.011112,-0.030820, 251.899963,35.926220,-0.037424, 252.173645,36.031208,-0.032950, 252.193787,36.010254,-0.033666, 252.151428,35.983997,-0.033938
30, 327.336975,16.385139,-0.045514, 326.756409,16.234737,-0.076287, 326.825562,16.257744,-0.061520, 327.037537,16.311001,-0.047378, 326.995453,16.285675,-0.059704, 327.031738,16.197079,-0.066613, 326.710052,16.197102,-0.067040, 327.079620,16.293673,-0.042666, 327.134125,16.211737,-0.063925, 327.078857,16.194628,-0.064028
35, 378.017334,10.807087,-0.083964, 378.751404,10.856679,-0.069062, 378.315033,10.817200,-0.078069, 378.818085,10.832393,-0.083351, 378.533234,10.829962,-0.075216, 378.519531,10.763623,-0.090167, 378.758545,10.813435,-0.080346, 378.379211,10.799979,-0.079938, 378.341583,10.760089,-0.095022, 377.471252,10.616274,-0.113301
40, 428.630463,18.546053,-0.076049, 428.669525,18.584698,-0.071283, 428.794098,18.651943,-0.065647, 428.635040,18.576433,-0.070759, 428.791260,19.502230,0.171472, 428.893646,18.640411,-0.062408, 428.746429,18.561375,-0.069754, 428.093292,18.524710,-0.081529, 428.052765,18.547577,-0.084801
45, 479.994629,16.175583,-0.101391, 479.499847,16.146795,-0.101833, 479.235565,16.140940,-0.102154, 478.929718,16.021774,-0.118856, 479.201782,16.097712,-0.109679, 479.986786,16.136625,-0.097224, 480.216400,16.210098,-0.079340, 480.976624,16.167124,-0.081353, 479.929443,16.163002,-0.087765, 480.080109,16.123041,-0.086873
50, 509.089172,-17.829514,-0.162012, 509.609985,-17.815260,-0.162406, 509.815735,-17.864283,-0.170219, 509.283264,-17.773569,-0.163955, 509.724243,-17.734743,-0.156140, 509.224182,-17.860670,-0.177911, 510.921265,-17.550770,-0.123169, 509.467407,-17.667425,-0.152845, 511.457153,-17.658802,-0.134282
52, 528.471802,-14.026918,-0.166952, 529.572937,-12.809917,0.127849, 525.980774,-14.081898,-0.192137, 527.893860,-12.747852,0.152192, 528.884277,-12.803082,0.145240, 526.855835,-12.780802,0.135986, 528.643921,-12.687798,0.147657, 528.612610,-13.745535,-0.129014, 527.344238,-12.594843,0.163087
