120.0, 142.359675335057, 142.236271538995, 142.392595054961, 142.238176869766, 142.359308406562, 142.278369770031, 142.365367710472, 142.390852213768, 142.167283868278, 142.392688984173
140.0, 161.997498518793, 162.055659195497, 161.995321593178, 161.949043531502, 162.086000568137, 161.952822587869, 162.142286899025, 161.99642575597, 162.044967175949, 162.172768381595
160.0, 183.271951239804, 183.270179223027, 183.252849124544, 183.229726926056, 183.306322580414, 183.232110079064, 183.278146851936, 183.269711750848, 183.222529389032
180.0, 204.182483647297, 204.204306887868, 204.120530594086, 204.263327121838, 204.021123832301, 204.306217669499, 204.034736514291, 204.277909416162, 204.178782420574
200.0, 204.07087158078, 204.184983964463, 204.303886151421, 204.26894758385, 204.306919368094, 204.09036947204, 204.339677245078, 204.133682605095, 204.290876127781, 204.262176280486
250.0, 254.321230417595, 254.92725142084, 254.731291034366, 254.642135413329, 254.333122633108, 254.618910843362, 254.63588123057, 254.590232435299
300.0, 327.625577355836, 327.038220628799, 327.108433670702, 327.322802638243, 327.279506651772, 327.311337974749, 326.990050110061, 327.363968391371, 327.414325876827, 327.358277450662
350.0, 378.04944626581, 378.78463836809, 378.347312865314, 378.850593451443, 378.565790087851, 378.55019306534, 378.790534191137, 378.410970867054, 378.372216715423, 377.498152078329
400.0, 428.909916812043, 428.950619407648, 429.077999871424, 428.91580816989, 429.113060272551, 429.176951383576, 429.026438907604, 428.37232614476, 428.332828995618
450.0, 480.145027256923, 479.649555763559, 479.385226517006, 479.075542149152, 479.350004943909, 480.135874027146, 480.367838799381, 481.126177230055, 480.079453972903, 480.228686175597


50, 541.398291000681, 542.243968440609, 539.497879437807, 542.352056001791, 541.915543344076, 541.504477564135, 539.908643162613, 543.02375867574, 542.305384807971, 542.084564828879, 542.522332643476, 542.32562261941, 543.144681513141, 542.297238126994, 540.148749379562, 540.937212730544, 542.899094741525, 541.597461619919, 541.892122112806, 542.892065329323, 542.191391206613, 542.649359976695, 543.549062593083, 542.702576246688, 543.577458425154, 541.331260315571, 541.856227619738, 541.761433645339, 541.071812505912, 540.662149788878, 541.520673058399, 543.131245651218, 542.636140373238, 542.823701959026, 538.013247837572, 541.161918298912, 543.565884018732, 541.27828372469, 539.868190452364, 541.976431677469, 539.994790006787, 542.411442176197, 542.462295052662, 540.64213159605, 542.863131263774, 542.836947953297, 542.111815666728, 540.370363088848, 542.568179597889, 543.299993138025, 541.560142951244, 541.565670675737, 540.475389281023, 542.342192143502, 542.779003927406, 542.594496052999, 537.81643092732, 538.480923975562, 542.730595347934, 542.579220677252, 541.113170265548, 540.921482692224, 542.016691445782, 540.965492525445, 541.455969285654, 541.175300856931, 541.212755856337, 540.976748462022, 542.425003125293, 541.616206114498, 541.120350578084, 540.609032446285, 543.574108336952, 541.636657991347, 543.932989084893, 544.012646298525, 539.457254856154, 544.24636720282, 542.076069574957, 541.182007546179, 542.157353680585, 540.989802250516, 537.818759284592, 540.517401778974, 542.085108241645, 542.515207515706, 540.955680002269, 536.903228178744, 542.17196444673, 543.256478072117, 539.747376036281, 539.283201858301, 542.654067388693
50 20 wall, 532.626552595402, 533.651383653438, 534.337010123215, 534.421549218566, 531.097876174563, 533.86535781946, 532.276967192779, 533.604413174753, 532.74571784638, 531.877880993599, 532.81524064454, 530.471991600034, 531.920396945969, 531.86489106926, 532.606061200394, 533.480836317125, 532.959651345302, 533.114587056097, 532.840884131237, 532.465116293559, 530.802730074969, 532.765137907505, 532.073200584571, 533.307819026223, 534.130234216533, 533.448909755922, 532.091466977826, 532.400079671514, 533.399804885699, 532.363974062179, 533.135295241264, 532.691362923902, 534.413967697936, 533.314675716509, 533.262221919615, 533.136432246606, 532.749042918202, 533.984896754412, 532.261131920252, 532.656684168766, 532.74443455422, 533.094347841184, 531.654661972484, 532.282547531078, 533.730272085721, 531.817349599377, 533.388855034995, 528.778242595761, 533.722400957038, 534.099341246749, 533.177029160086, 535.143000612295, 532.274250777935, 533.295855869519, 531.598153171399, 531.224756355547, 532.513769275161, 533.122602185102, 531.391091714294, 533.160770785258, 530.143132892325, 533.173492535473, 533.730309293693, 532.271765497028, 532.043131427192, 533.582938437149, 533.003485640682, 533.735228692625, 533.096404232689, 532.799252011588, 533.898870749668, 531.334531629352, 533.285036860515, 532.136636436174, 531.492991992023, 528.778432614051, 532.306829040755, 532.445016992873, 531.576498107078, 531.871465849675, 531.872765426041, 533.153655226509, 532.386590649323, 532.860739796877, 532.896536073561, 531.661463493247, 530.93178224699, 533.65533610311, 532.452698424966, 532.218475226926, 533.602724673906, 531.995249967006, 533.065715335658
50 30 wall, 531.485869387264, 520.324146676745, 530.827992477664, 531.978455776996, 525.228158987256, 530.34391287468, 530.735431280148, 530.682030499802, 530.790280617399, 529.706359103799, 530.275140710922, 532.40092472395, 528.18980056345, 531.725761076517, 530.497894266147, 530.619074345368, 530.619074345368, 531.97551160154, 531.56496025896, 530.568496511421, 531.374450980461, 530.262575662526, 533.280940294582, 531.113318410717, 531.482057162912, 530.455959244137, 530.957047338123, 532.252418560556, 526.501603305868, 531.97224445044, 527.205399599234, 531.526705144482, 531.948493680126, 531.752025130936, 521.190309865364, 531.965416058368, 531.294642939071, 532.127804474151, 527.361760783764, 531.150314370321, 530.772335570189, 532.495572680413, 531.790876393641, 529.852565627764, 530.606901648606, 531.706917150756, 530.788342257182, 532.715111037981, 531.625849986084, 527.991514413094, 531.112049571295, 531.466872382211, 530.133424317197, 530.252859585907, 529.862816897601, 531.69079717179, 527.095311657744, 527.378448602678, 529.83080498617, 532.296452059511, 531.004271727345, 528.595647711678, 531.204218702336, 529.3928175248, 531.59687988666, 528.900762317726, 531.108588366843, 531.744774548529, 528.89651852284, 530.379172532758, 532.516864420807, 529.566905415979, 526.74566440034, 530.235887169703, 529.758823083067, 530.487116360423, 529.672063632368, 530.846589613959, 530.71789689395, 527.997931858595
50 40 wall, 538.997032981264, 539.074532337042, 535.23199501221, 539.85930970641, 539.54265429837, 531.91978255311, 540.791046135166, 529.930471206395, 531.371871475982, 538.947921645637, 538.941010090354, 539.109938240641, 538.670495770096, 539.197184877299, 534.453613648336, 534.866679277989, 536.010844264236, 539.708805057714, 539.641800345521, 539.607387389649, 538.867310278936, 538.466392953351, 538.68957034518, 539.660572363993, 539.940893340075, 534.009574439884, 536.336050328992, 531.057262084781, 539.379010003475, 539.840810594532, 538.652186302375, 535.736943212317, 540.409886184365, 538.399535794291, 540.082839611774, 539.023504676267, 532.886390667197, 537.617979336276, 537.600119608968, 537.116930765624, 538.551499481046, 538.33708440259, 540.137513120756, 539.425214321435, 540.010975363356, 532.304466377354, 536.122884278777, 535.800780782904, 538.577986924876, 540.036865892334, 539.462187620968, 536.475463884528, 539.772180828986, 538.840255763232
50 50 wall, 536.850200549769, 537.752639481926, 537.572732220245, 537.558797190904, 537.605051326204, 536.300040865476, 538.8870493462, 537.211858584169, 538.402217781618, 537.381587073387, 534.462977647046, 536.726351992721, 534.218445357595, 536.383044386494, 538.797382552878, 535.453351574367, 534.773387277895, 536.572641554216, 536.90673737399, 531.681071550841, 537.238757794597, 538.115967537548, 535.756447893252, 537.776478986107, 533.567844497891, 536.72695094393, 536.498809011458, 538.309082135987, 536.540421824765, 538.316732390793, 535.998262771594, 535.64762230871, 536.767714581731, 536.921943931321, 537.090524813102, 535.23448446377, 532.674039209133, 534.139363783882, 529.369288207248, 537.280200464341, 535.270436017119, 538.53032943817, 537.49869999781, 537.370208840862, 536.667074637133, 538.353470838952, 533.297637444669, 536.945902050045, 536.464735643246, 535.810949825566, 537.92581745017, 537.589387562355, 536.746332023334, 532.42950569978, 537.338727635945, 540.502528748651, 537.698359490053, 538.75009654226, 538.374122443329, 538.689976419107, 538.945936674995, 538.535009678081, 536.9801889097, 537.463226088445, 541.068161842033, 539.930467629643, 536.413999202117, 537.153837309118, 538.785251915331, 537.426811069499, 539.343257425428, 538.347972374111, 538.850707864179, 539.501513071054, 539.348596767621, 537.877694469264, 538.283391926294, 538.699594632708
50 wall, 535.906915604043, 536.427297459892, 536.634061694663, 536.099751547243, 536.539792169249, 536.042570197497, 537.732624510703, 536.281572443121, 538.270682059355
52 wall, 555.218551521925, 556.303796416019, 552.728552865644, 554.624102290344, 555.615104140109, 553.586540205149, 555.373406885696, 555.355453560007, 554.072733161818
