120.0, 142.359675335057, 142.236271538995, 142.392595054961, 142.238176869766, 142.359308406562, 142.278369770031, 142.365367710472, 142.390852213768, 142.167283868278, 142.392688984173
140.0, 161.997498518793, 162.055659195497, 161.995321593178, 161.949043531502, 162.086000568137, 161.952822587869, 162.142286899025, 161.99642575597, 162.044967175949, 162.172768381595
160.0, 183.271951239804, 183.270179223027, 183.252849124544, 183.229726926056, 183.306322580414, 183.232110079064, 183.278146851936, 183.269711750848, 183.222529389032
180.0, 204.182483647297, 204.204306887868, 204.120530594086, 204.263327121838, 204.021123832301, 204.306217669499, 204.034736514291, 204.277909416162, 204.178782420574
200.0, 204.07087158078, 204.184983964463, 204.303886151421, 204.26894758385, 204.306919368094, 204.09036947204, 204.339677245078, 204.133682605095, 204.290876127781, 204.262176280486
250.0, 254.321230417595, 254.92725142084, 254.731291034366, 254.642135413329, 254.333122633108, 254.618910843362, 254.63588123057, 254.590232435299
300.0, 327.625577355836, 327.038220628799, 327.108433670702, 327.322802638243, 327.279506651772, 327.311337974749, 326.990050110061, 327.363968391371, 327.414325876827, 327.358277450662
350.0, 378.04944626581, 378.78463836809, 378.347312865314, 378.850593451443, 378.565790087851, 378.55019306534, 378.790534191137, 378.410970867054, 378.372216715423, 377.498152078329
400.0, 428.909916812043, 428.950619407648, 429.077999871424, 428.91580816989, 429.113060272551, 429.176951383576, 429.026438907604, 428.37232614476, 428.332828995618
450.0, 480.145027256923, 479.649555763559, 479.385226517006, 479.075542149152, 479.350004943909, 480.135874027146, 480.367838799381, 481.126177230055, 480.079453972903, 480.228686175597
500.0, 535.906915604043, 536.427297459892, 536.634061694663, 536.099751547243, 536.539792169249, 536.042570197497, 537.732624510703, 536.281572443121, 538.270682059355
520.0, 555.218551521925, 556.303796416019, 552.728552865644, 554.624102290344, 555.615104140109, 553.586540205149, 555.373406885696, 555.355453560007, 554.072733161818
